9986
2238
274
562
1299
68212
300852
1961
668369
1885
146537
224308
4932
580240
36329
9823
9606
83333
1280
28985
1351
5661
559292
9913
90371
187420
312017
5911
9825
262724
32630
243230
4565
2190
3562
83334
362663
2285
186497
197
7227
5541
67351
1110693
185431
316385
145262
272569
1883
1931
585
93061
367830
544404
7536
55431
37000
1177187
585035
331111
209285
93062
1422
416870
285006
10665
663
7460
246196
353153
759272
5693
1773
574
1247190
5811
5722
287
1772
9739
273036
284590
194966
679895
5702
1423
469008
9615
6039
311400
272844
273057
69014
1293037
2287
1223565
1144670
480119
1977881
421052
1144663
470
1960940
1310678
52133
1217710
1217649
1310637
474186
3702
575584
3039
235221
986
2697049