3702
5911
6238
6239
7160
7227
7897
7955
8355
9031
9598
9606
10090
10116
13616
33169
36329
39947
55529
64091
69014
71421
74969
91464
100226
104782
156889
159087
165597
169963
171101
176299
180454
185431
186497
187420
188937
190192
190304
190486
192952
194439
197221
198094
203267
203907
205913
208963
211586
214092
221109
224325
224911
226186
227377
227941
228410
228908
235279
235909
240292
242231
242619
243090
243164
243230
243232
243265
243274
243276
243277
251221
259564
262724
263820
264198
265311
266834
267747
269797
269798
272557
272569
272627
272631
273063
273068
273116
279238
280699
281090
282458
283166
284591
284812
290633
292459
292805
296543
296591
297245
309800
323259
330779
339860
348780
349102
349307
352472
353151
362976
368407
368408
374847
397948
399549
399550
410358
410359
414004
415426
416348
419665
420245
425595
436308
453591
456442
482957
511145
555217
559292
563178
565050
575564
662760
663917
1072681
1080228
1538547
1577684
1700835
1706444
1776334
1801881
1803500
1803814
1805424
1841598
1841599
1852841
