9606
562
300852
4932
36329
9823
83333
1280
28985
9986
224308
1351
5661
559292
32630
243230
262724
274
585
93061
367830
544404
1931
7536
1299
9913
55431
37000
3562
1177187
585035
331111
83334
93062
285006
10665
663
7460
246196
759272
5693
1773
574
1247190
5811
5722
287
1772
9739
284590
194966
679895
5702
9615
6039
209285
311400
272844
273057
69014
1293037
2287
1223565
1144670
1217649
1977881
480119
1217710
1310637
421052
470
1310678
52133
1144663
1960940
474186
3702
575584
312017
3039
235221
2697049
