274
287
470
562
574
585
663
1280
1299
1351
1772
1773
1931
2287
3039
3562
3702
4932
5661
5693
5702
5722
5811
6039
7460
7536
9606
9615
9739
9823
9913
9986
10665
28985
32630
36329
37000
52133
55431
69014
83333
83334
93061
93062
194966
209285
224308
235221
243230
246196
262724
272844
273057
284590
285006
300852
311400
312017
331111
367830
421052
474186
480119
544404
559292
575584
585035
679895
759272
1144663
1144670
1177187
1217649
1217710
1223565
1247190
1293037
1310637
1310678
1960940
1977881
2697049
